1 0.212500 0.485437 0.115000 0.330097
1 0.285000 0.266990 0.160000 0.514563
1 0.390000 0.368932 0.160000 0.524272
1 0.557500 0.276699 0.245000 0.533981
1 0.712500 0.359223 0.265000 0.601942
1 0.597500 0.766990 0.075000 0.135922
1 0.625000 0.728155 0.070000 0.097087
1 0.592500 0.888350 0.105000 0.165049
1 0.677500 0.834951 0.085000 0.135922
1 0.700000 0.733010 0.070000 0.106796
1 0.745000 0.917476 0.110000 0.145631
1 0.757500 0.776699 0.075000 0.116505
1 0.330000 0.834951 0.320000 0.271845
1 0.662500 0.946602 0.045000 0.087379
1 0.475000 0.558252 0.180000 0.203883
