5 0.247500 0.606195 0.025000 0.044248
5 0.155000 0.659292 0.030000 0.044248
5 0.202500 0.672566 0.025000 0.053097
5 0.565000 0.738938 0.040000 0.061947
5 0.372500 0.606195 0.025000 0.044248
5 0.450000 0.592920 0.040000 0.035398
5 0.472500 0.867257 0.045000 0.070796
5 0.435000 0.685841 0.040000 0.044248
5 0.290000 0.654867 0.040000 0.053097
5 0.127500 0.792035 0.025000 0.044248
5 0.145000 0.747788 0.040000 0.044248
5 0.192500 0.721239 0.025000 0.044248
5 0.197500 0.765487 0.025000 0.026549
5 0.192500 0.831858 0.035000 0.053097
5 0.165000 0.902655 0.040000 0.053097
5 0.215000 0.938053 0.030000 0.053097
5 0.262500 0.933628 0.045000 0.061947
5 0.310000 0.955752 0.040000 0.070796
5 0.237500 0.862832 0.035000 0.061947
5 0.262500 0.823009 0.035000 0.053097
5 0.240000 0.796460 0.040000 0.035398
5 0.235000 0.743363 0.030000 0.053097
5 0.317500 0.756637 0.035000 0.061947
5 0.442500 0.960177 0.045000 0.044248
5 0.387500 0.924779 0.035000 0.044248
5 0.375000 0.853982 0.040000 0.061947
5 0.310000 0.871681 0.040000 0.079646
5 0.367500 0.743363 0.035000 0.053097
5 0.570000 0.831858 0.030000 0.088496
