5 0.125000 0.180451 0.090000 0.075188
5 0.102500 0.375940 0.125000 0.060150
5 0.127500 0.639098 0.115000 0.075188
5 0.242500 0.721805 0.185000 0.105263
5 0.267500 0.240602 0.075000 0.090226
5 0.297500 0.342105 0.085000 0.127820
5 0.442500 0.413534 0.135000 0.105263
5 0.367500 0.195489 0.085000 0.060150
5 0.517500 0.157895 0.055000 0.075188
5 0.515000 0.327068 0.120000 0.082707
5 0.565000 0.511278 0.090000 0.090226
5 0.535000 0.687970 0.140000 0.097744
5 0.740000 0.586466 0.140000 0.120301
5 0.655000 0.274436 0.110000 0.082707
5 0.865000 0.334586 0.120000 0.067669
5 0.910000 0.176692 0.130000 0.067669
5 0.342500 0.932331 0.185000 0.135338
5 0.627500 0.906015 0.175000 0.127820
5 0.902500 0.793233 0.195000 0.218045
