5 0.150000 0.237500 0.193333 0.115000
5 0.093333 0.445000 0.146667 0.110000
5 0.316667 0.717500 0.166667 0.135000
5 0.860000 0.480000 0.160000 0.120000
5 0.220000 0.440000 0.146667 0.110000
5 0.216667 0.352500 0.086667 0.065000
5 0.320000 0.352500 0.120000 0.105000
5 0.370000 0.487500 0.206667 0.125000
5 0.566667 0.430000 0.213333 0.140000
5 0.383333 0.250000 0.153333 0.110000
5 0.726667 0.270000 0.160000 0.110000
5 0.513333 0.600000 0.173333 0.130000
5 0.303333 0.600000 0.206667 0.120000
5 0.540000 0.275000 0.173333 0.120000
5 0.870000 0.325000 0.180000 0.120000
5 0.803333 0.375000 0.153333 0.100000
5 0.743333 0.472500 0.126667 0.115000
