4 0.048203 0.100490 0.093137 0.196078
4 0.070261 0.328431 0.137255 0.289216
4 0.097222 0.648284 0.191176 0.399510
4 0.221405 0.160539 0.263072 0.316176
4 0.231209 0.444853 0.187908 0.286765
4 0.427288 0.075980 0.197712 0.147059
4 0.444444 0.337010 0.261438 0.394608
4 0.613562 0.083333 0.191176 0.161765
4 0.661765 0.297794 0.189542 0.286765
4 0.830065 0.148284 0.274510 0.291667
4 0.884804 0.464461 0.230392 0.409314
4 0.352124 0.723039 0.266340 0.397059
4 0.643791 0.675245 0.326797 0.487745
4 0.885621 0.832108 0.228758 0.335784
4 0.700163 0.948529 0.217320 0.102941
4 0.495915 0.919118 0.191176 0.161765
4 0.323529 0.966912 0.166667 0.066176
4 0.159314 0.903186 0.194444 0.193627
4 0.033497 0.914216 0.063725 0.171569
4 0.976307 0.166667 0.047386 0.328431
