5 0.285948 0.241975 0.120915 0.227160
5 0.396242 0.245679 0.119281 0.254321
5 0.561275 0.272840 0.122549 0.234568
5 0.758987 0.196296 0.148693 0.387654
5 0.919935 0.198765 0.160131 0.392593
5 0.144608 0.298765 0.089869 0.162963
5 0.196895 0.156790 0.132353 0.130864
5 0.477124 0.267901 0.049020 0.224691
5 0.614379 0.206173 0.140523 0.259259
5 0.181373 0.654321 0.166667 0.316049
5 0.332516 0.695062 0.132353 0.269136
5 0.458333 0.687654 0.171569 0.288889
5 0.626634 0.641975 0.161765 0.365432
5 0.763889 0.653086 0.145425 0.367901
5 0.876634 0.614815 0.086601 0.306173
5 0.968137 0.622222 0.063725 0.271605
5 0.193627 0.950617 0.151961 0.093827
5 0.352124 0.953086 0.151961 0.093827
5 0.497549 0.953086 0.151961 0.093827
5 0.651144 0.953086 0.151961 0.093827
5 0.798203 0.953086 0.151961 0.093827
5 0.042484 0.734568 0.081699 0.264198
5 0.034314 0.376543 0.065359 0.308642
5 0.067810 0.382716 0.050654 0.261728
5 0.044118 0.082716 0.084967 0.160494
