5 0.140000 0.297500 0.213333 0.115000
5 0.170000 0.525000 0.233333 0.160000
5 0.430000 0.252500 0.233333 0.155000
5 0.550000 0.722500 0.340000 0.265000
5 0.390000 0.400000 0.206667 0.160000
5 0.226667 0.725000 0.280000 0.240000
5 0.366667 0.682500 0.253333 0.235000
5 0.416667 0.550000 0.246667 0.090000
5 0.803333 0.522500 0.273333 0.175000
5 0.553333 0.477500 0.213333 0.165000
5 0.623333 0.385000 0.166667 0.130000
5 0.790000 0.392500 0.193333 0.165000
5 0.556667 0.222500 0.166667 0.125000
5 0.613333 0.305000 0.200000 0.050000
