4 0.402041 0.269608 0.322449 0.078431
4 0.411224 0.322712 0.320408 0.066993
4 0.421429 0.376634 0.320408 0.066993
4 0.421429 0.432190 0.320408 0.066993
4 0.423469 0.484477 0.320408 0.066993
4 0.425510 0.541667 0.320408 0.066993
4 0.435714 0.602124 0.320408 0.066993
4 0.431633 0.652778 0.320408 0.066993
4 0.425510 0.705065 0.320408 0.066993
4 0.616327 0.252451 0.318367 0.057190
4 0.657143 0.309641 0.212245 0.050654
4 0.660204 0.363562 0.214286 0.060458
4 0.670408 0.415850 0.218367 0.066993
4 0.670408 0.468137 0.218367 0.066993
4 0.670408 0.523693 0.218367 0.066993
4 0.672449 0.575980 0.218367 0.066993
4 0.670408 0.631536 0.218367 0.066993
4 0.668367 0.692810 0.218367 0.091503
