5 0.075000 0.274436 0.100000 0.097744
5 0.052500 0.492481 0.095000 0.097744
5 0.035000 0.631579 0.060000 0.105263
5 0.040000 0.838346 0.070000 0.112782
5 0.047500 0.966165 0.085000 0.067669
5 0.537500 0.872180 0.135000 0.165414
5 0.217500 0.481203 0.125000 0.105263
5 0.367500 0.518797 0.095000 0.165414
5 0.382500 0.251880 0.085000 0.097744
5 0.652500 0.578947 0.165000 0.120301
5 0.600000 0.338346 0.110000 0.105263
5 0.785000 0.342105 0.080000 0.112782
5 0.860000 0.552632 0.170000 0.142857
5 0.450000 0.390977 0.110000 0.105263
