5 0.113333 0.482500 0.146667 0.125000
5 0.316667 0.407500 0.166667 0.105000
5 0.323333 0.562500 0.153333 0.095000
5 0.363333 0.627500 0.166667 0.125000
5 0.283333 0.665000 0.180000 0.110000
5 0.560000 0.697500 0.160000 0.105000
5 0.650000 0.765000 0.193333 0.150000
5 0.856667 0.390000 0.166667 0.140000
5 0.763333 0.247500 0.166667 0.125000
5 0.596667 0.262500 0.166667 0.125000
5 0.456667 0.352500 0.153333 0.075000
5 0.596667 0.340000 0.153333 0.100000
5 0.443333 0.442500 0.140000 0.085000
5 0.610000 0.470000 0.180000 0.130000
5 0.696667 0.617500 0.166667 0.115000
5 0.746667 0.435000 0.120000 0.100000
5 0.523333 0.590000 0.140000 0.100000
