4 0.403595 0.756127 0.516340 0.453431
4 0.584967 0.691176 0.405229 0.583333
4 0.702614 0.648284 0.310458 0.659314
4 0.775327 0.572304 0.250000 0.634804
4 0.865196 0.496324 0.194444 0.625000
4 0.236111 0.523284 0.312092 0.291667
4 0.410131 0.376225 0.254902 0.144608
4 0.516340 0.330882 0.215686 0.137255
4 0.592320 0.268382 0.148693 0.105392
4 0.082516 0.763480 0.161765 0.433824
4 0.064542 0.443627 0.125817 0.259804
4 0.208333 0.339461 0.165033 0.144608
4 0.336601 0.273284 0.137255 0.110294
4 0.438725 0.237745 0.122549 0.093137
