5 0.245000 0.628319 0.030000 0.035398
5 0.157500 0.668142 0.025000 0.061947
5 0.325000 0.641593 0.040000 0.061947
5 0.387500 0.610619 0.035000 0.035398
5 0.455000 0.606195 0.030000 0.044248
5 0.137500 0.752212 0.055000 0.035398
5 0.122500 0.792035 0.035000 0.044248
5 0.145000 0.871681 0.060000 0.061947
5 0.207500 0.929204 0.035000 0.053097
5 0.202500 0.840708 0.045000 0.070796
5 0.192500 0.769912 0.025000 0.035398
5 0.192500 0.721239 0.045000 0.044248
5 0.225000 0.716814 0.020000 0.035398
5 0.275000 0.712389 0.040000 0.044248
5 0.317500 0.743363 0.035000 0.053097
5 0.370000 0.752212 0.030000 0.035398
5 0.370000 0.787611 0.030000 0.035398
5 0.260000 0.818584 0.030000 0.061947
5 0.312500 0.876106 0.045000 0.070796
5 0.260000 0.924779 0.030000 0.044248
5 0.290000 0.951327 0.030000 0.061947
5 0.387500 0.924779 0.035000 0.044248
5 0.415000 0.853982 0.030000 0.061947
5 0.440000 0.814159 0.020000 0.053097
5 0.417500 0.955752 0.035000 0.053097
5 0.470000 0.871681 0.040000 0.061947
