5 0.145425 0.862745 0.215686 0.254902
5 0.282680 0.922794 0.222222 0.154412
5 0.143791 0.622549 0.248366 0.210784
5 0.410131 0.825980 0.251634 0.235294
5 0.620098 0.775735 0.217320 0.247549
5 0.675654 0.574755 0.214052 0.325980
5 0.775327 0.769608 0.112745 0.284314
5 0.883170 0.769608 0.155229 0.308824
5 0.455882 0.525735 0.202614 0.198529
5 0.162582 0.218137 0.122549 0.215686
5 0.076797 0.348039 0.107843 0.161765
5 0.921569 0.182598 0.120915 0.257353
5 0.330065 0.110294 0.098039 0.142157
5 0.430556 0.254902 0.191176 0.117647
5 0.578431 0.142157 0.133987 0.210784
5 0.460784 0.185049 0.101307 0.115196
5 0.775327 0.151961 0.132353 0.205882
5 0.896242 0.520833 0.191176 0.237745
5 0.870915 0.383578 0.098039 0.164216
5 0.967320 0.698529 0.062092 0.254902
5 0.478758 0.639706 0.228758 0.181373
5 0.231209 0.480392 0.122549 0.225490
5 0.198529 0.101716 0.155229 0.178922
5 0.399510 0.073529 0.106209 0.137255
5 0.736111 0.334559 0.122549 0.183824
5 0.444444 0.424020 0.137255 0.132353
