3 0.023693 0.126225 0.044118 0.232843
3 0.638889 0.133578 0.045752 0.232843
3 0.593137 0.128676 0.045752 0.232843
3 0.550654 0.128676 0.045752 0.232843
3 0.504902 0.128676 0.045752 0.232843
3 0.455882 0.128676 0.045752 0.232843
3 0.408497 0.131127 0.045752 0.232843
3 0.361111 0.126225 0.045752 0.232843
3 0.303922 0.123775 0.045752 0.232843
3 0.232026 0.116422 0.045752 0.227941
3 0.179739 0.128676 0.045752 0.232843
3 0.119281 0.128676 0.045752 0.232843
3 0.073529 0.128676 0.045752 0.232843
3 0.697712 0.128676 0.045752 0.232843
3 0.751634 0.133578 0.045752 0.232843
3 0.809641 0.137255 0.053922 0.235294
3 0.868464 0.139706 0.053922 0.235294
3 0.927288 0.137255 0.053922 0.235294
3 0.028595 0.372549 0.053922 0.235294
3 0.080882 0.372549 0.053922 0.235294
3 0.138072 0.370098 0.053922 0.235294
3 0.190359 0.375000 0.053922 0.235294
3 0.242647 0.372549 0.053922 0.235294
3 0.301471 0.367647 0.053922 0.235294
3 0.361928 0.367647 0.053922 0.235294
3 0.415850 0.370098 0.053922 0.235294
3 0.469771 0.367647 0.053922 0.235294
3 0.530229 0.370098 0.053922 0.235294
3 0.582516 0.372549 0.053922 0.235294
3 0.639706 0.372549 0.053922 0.235294
3 0.698529 0.375000 0.053922 0.235294
3 0.757353 0.372549 0.053922 0.235294
3 0.814542 0.375000 0.053922 0.235294
3 0.870098 0.377451 0.053922 0.235294
3 0.922386 0.382353 0.053922 0.235294
3 0.962418 0.382353 0.032680 0.240196
3 0.966503 0.137255 0.024510 0.245098
3 0.013889 0.605392 0.024510 0.220588
3 0.046569 0.609069 0.040850 0.237745
3 0.082516 0.611520 0.040850 0.237745
3 0.128268 0.612745 0.057190 0.240196
3 0.183824 0.607843 0.057190 0.240196
3 0.242647 0.610294 0.057190 0.240196
3 0.303105 0.615196 0.057190 0.240196
3 0.363562 0.612745 0.057190 0.240196
3 0.419118 0.617647 0.057190 0.240196
3 0.465686 0.618873 0.062092 0.247549
3 0.529412 0.632353 0.058824 0.240196
3 0.584967 0.618873 0.062092 0.247549
3 0.640523 0.618873 0.062092 0.247549
3 0.697712 0.621324 0.062092 0.247549
3 0.751634 0.621324 0.062092 0.247549
3 0.807190 0.623775 0.062092 0.247549
3 0.864379 0.623775 0.062092 0.247549
3 0.921569 0.623775 0.062092 0.247549
3 0.030229 0.849265 0.057190 0.252451
3 0.081699 0.854167 0.058824 0.252451
3 0.137255 0.856618 0.058824 0.252451
3 0.194444 0.859069 0.058824 0.252451
3 0.251634 0.859069 0.058824 0.252451
3 0.305556 0.856618 0.058824 0.252451
3 0.362745 0.861520 0.058824 0.252451
3 0.418301 0.863971 0.058824 0.252451
3 0.475490 0.863971 0.058824 0.252451
3 0.527778 0.866422 0.058824 0.252451
3 0.586601 0.866422 0.058824 0.252451
3 0.645425 0.866422 0.058824 0.252451
3 0.694444 0.866422 0.058824 0.252451
3 0.753268 0.868873 0.058824 0.252451
3 0.807190 0.868873 0.058824 0.252451
3 0.863562 0.873775 0.060458 0.252451
3 0.921569 0.868873 0.058824 0.252451
3 0.952614 0.866422 0.026144 0.247549
