5 0.250000 0.265000 0.180000 0.140000
5 0.126667 0.495000 0.146667 0.130000
5 0.253333 0.515000 0.160000 0.120000
5 0.276667 0.430000 0.126667 0.100000
5 0.376667 0.455000 0.166667 0.130000
5 0.476667 0.342500 0.153333 0.135000
5 0.260000 0.787500 0.160000 0.115000
5 0.293333 0.675000 0.160000 0.120000
5 0.460000 0.720000 0.173333 0.120000
5 0.576667 0.577500 0.140000 0.105000
5 0.790000 0.667500 0.166667 0.105000
5 0.890000 0.532500 0.140000 0.105000
5 0.790000 0.445000 0.166667 0.130000
5 0.626667 0.415000 0.173333 0.120000
5 0.696667 0.635000 0.126667 0.120000
5 0.490000 0.450000 0.113333 0.090000
5 0.396667 0.597500 0.166667 0.115000
5 0.690000 0.505000 0.153333 0.110000
