4 0.163399 0.664216 0.310458 0.200980
4 0.161765 0.851716 0.316993 0.183824
4 0.156046 0.351716 0.132353 0.149510
4 0.301471 0.324755 0.132353 0.149510
4 0.455882 0.295343 0.156863 0.174020
4 0.045752 0.373775 0.084967 0.129902
4 0.044118 0.474265 0.084967 0.129902
4 0.150327 0.471814 0.133987 0.129902
4 0.287582 0.454657 0.133987 0.129902
4 0.452614 0.435049 0.156863 0.129902
4 0.062092 0.552696 0.120915 0.066176
4 0.188725 0.545343 0.151961 0.105392
4 0.357026 0.547794 0.171569 0.154412
4 0.489379 0.555147 0.093137 0.169118
4 0.491013 0.704657 0.093137 0.169118
4 0.494281 0.861520 0.093137 0.169118
4 0.382353 0.860294 0.098039 0.166667
4 0.382353 0.691176 0.098039 0.166667
4 0.575980 0.296569 0.086601 0.181373
4 0.577614 0.453431 0.086601 0.181373
4 0.579248 0.580882 0.089869 0.166667
4 0.582516 0.718137 0.089869 0.166667
4 0.584150 0.862745 0.089869 0.166667
4 0.583333 0.963235 0.094771 0.073529
4 0.660131 0.325980 0.075163 0.151961
4 0.661765 0.458333 0.075163 0.151961
4 0.660131 0.585784 0.075163 0.151961
4 0.663399 0.732843 0.075163 0.151961
4 0.665033 0.867647 0.075163 0.151961
4 0.662582 0.959559 0.073529 0.080882
4 0.729575 0.360294 0.066993 0.137255
4 0.728758 0.487745 0.071895 0.142157
4 0.731209 0.611520 0.070261 0.134804
4 0.736928 0.738971 0.068627 0.129902
4 0.737745 0.860294 0.066993 0.122549
4 0.736111 0.962010 0.070261 0.075980
4 0.794118 0.384804 0.068627 0.132353
4 0.797386 0.502451 0.068627 0.132353
4 0.799837 0.626225 0.066993 0.115196
4 0.804739 0.741422 0.066993 0.115196
4 0.803105 0.861520 0.066993 0.115196
4 0.804739 0.959559 0.066993 0.080882
