4 0.365196 0.453431 0.165033 0.259804
4 0.156046 0.439951 0.223856 0.281863
4 0.095588 0.115196 0.184641 0.215686
4 0.136438 0.730392 0.250000 0.343137
4 0.462418 0.852941 0.228758 0.269608
4 0.696895 0.855392 0.246732 0.269608
4 0.707516 0.523284 0.150327 0.232843
4 0.547386 0.335784 0.287582 0.294118
4 0.568627 0.107843 0.281046 0.200980
4 0.857026 0.166667 0.171569 0.323529
4 0.712418 0.310049 0.153595 0.340686
4 0.867647 0.426471 0.147059 0.181373
4 0.948529 0.710784 0.099673 0.397059
4 0.254902 0.835784 0.166667 0.313725
