4 0.045752 0.129902 0.088235 0.176471
4 0.134804 0.187500 0.089869 0.154412
4 0.218954 0.159314 0.114379 0.151961
4 0.290850 0.153186 0.052288 0.159314
4 0.348039 0.104167 0.133987 0.203431
4 0.425654 0.139706 0.047386 0.166667
4 0.498366 0.089461 0.140523 0.174020
4 0.567810 0.125000 0.050654 0.151961
4 0.606209 0.153186 0.058824 0.125000
4 0.052288 0.284314 0.098039 0.151961
4 0.128268 0.306373 0.070261 0.107843
4 0.205882 0.279412 0.130719 0.161765
4 0.348856 0.269608 0.125817 0.176471
4 0.496732 0.264706 0.127451 0.186275
4 0.672386 0.253676 0.145425 0.188725
4 0.840686 0.246324 0.174837 0.218137
4 0.843954 0.073529 0.161765 0.137255
4 0.035131 0.503676 0.066993 0.149510
4 0.032680 0.656863 0.058824 0.151961
4 0.087418 0.498775 0.050654 0.134804
4 0.151961 0.502451 0.101307 0.137255
4 0.095588 0.658088 0.109477 0.178922
4 0.187092 0.665441 0.106209 0.183824
4 0.286765 0.524510 0.119281 0.176471
4 0.288399 0.681373 0.116013 0.186275
4 0.381536 0.512255 0.073529 0.151961
4 0.410131 0.691176 0.114379 0.210784
4 0.464869 0.642157 0.066993 0.166667
4 0.543301 0.541667 0.119281 0.200980
4 0.546569 0.712010 0.129085 0.198529
4 0.702614 0.549020 0.137255 0.215686
4 0.698529 0.740196 0.148693 0.230392
4 0.858660 0.560049 0.178105 0.227941
4 0.854575 0.758578 0.166667 0.247549
4 0.025327 0.843137 0.047386 0.102941
4 0.087418 0.830882 0.060458 0.073529
4 0.173203 0.875000 0.120915 0.122549
4 0.062908 0.933824 0.122549 0.122549
4 0.142974 0.948529 0.155229 0.093137
4 0.259804 0.892157 0.071895 0.117647
4 0.305556 0.908088 0.114379 0.139706
4 0.398693 0.897059 0.101307 0.093137
4 0.507353 0.938725 0.102941 0.112745
4 0.633987 0.944853 0.127451 0.100490
4 0.803922 0.966912 0.156863 0.066176
4 0.415033 0.964461 0.071895 0.066176
