4 0.117647 0.247549 0.068627 0.058824
4 0.183824 0.251225 0.060458 0.061275
4 0.240196 0.248775 0.058824 0.056373
4 0.303922 0.250000 0.068627 0.063725
4 0.363562 0.243873 0.063725 0.056373
4 0.419118 0.246324 0.063725 0.056373
4 0.483660 0.243873 0.065359 0.056373
4 0.545752 0.246324 0.065359 0.056373
4 0.604575 0.243873 0.065359 0.056373
4 0.663399 0.243873 0.065359 0.056373
4 0.723856 0.248775 0.065359 0.056373
4 0.785948 0.243873 0.065359 0.056373
4 0.856209 0.246324 0.065359 0.056373
4 0.108660 0.333333 0.063725 0.112745
4 0.170752 0.328431 0.063725 0.112745
4 0.232843 0.330882 0.063725 0.112745
4 0.298203 0.333333 0.063725 0.112745
4 0.422386 0.325980 0.063725 0.112745
4 0.353758 0.321078 0.063725 0.112745
4 0.486111 0.323529 0.063725 0.112745
4 0.546569 0.323529 0.063725 0.112745
4 0.608660 0.323529 0.063725 0.112745
4 0.669118 0.325980 0.063725 0.112745
4 0.764706 0.327206 0.133987 0.115196
4 0.864379 0.327206 0.084967 0.115196
4 0.087418 0.448529 0.080065 0.098039
4 0.160948 0.438725 0.080065 0.098039
4 0.224673 0.441176 0.080065 0.098039
4 0.285131 0.441176 0.080065 0.098039
4 0.354575 0.443627 0.068627 0.102941
4 0.419935 0.443627 0.068627 0.102941
4 0.485294 0.441176 0.068627 0.102941
4 0.552288 0.446078 0.068627 0.102941
4 0.622549 0.446078 0.068627 0.102941
4 0.683007 0.438725 0.068627 0.102941
4 0.784314 0.438725 0.140523 0.107843
4 0.879085 0.438725 0.081699 0.102941
4 0.068627 0.539216 0.081699 0.102941
4 0.140523 0.541667 0.081699 0.102941
4 0.209150 0.536765 0.081699 0.102941
4 0.279412 0.539216 0.081699 0.102941
4 0.348039 0.539216 0.071895 0.102941
4 0.419935 0.541667 0.071895 0.102941
4 0.485294 0.539216 0.071895 0.102941
4 0.553922 0.539216 0.071895 0.102941
4 0.622549 0.541667 0.071895 0.102941
4 0.697712 0.539216 0.071895 0.102941
4 0.794118 0.537990 0.147059 0.105392
4 0.895425 0.535539 0.084967 0.115196
4 0.459967 0.873775 0.044118 0.071078
4 0.504902 0.871324 0.042484 0.071078
4 0.463235 0.947304 0.040850 0.071078
4 0.509804 0.946078 0.049020 0.068627
4 0.558824 0.930147 0.049020 0.085784
4 0.602941 0.946078 0.045752 0.063725
4 0.600490 0.873775 0.047386 0.066176
4 0.644608 0.875000 0.040850 0.068627
4 0.653595 0.941176 0.049020 0.068627
4 0.741830 0.861520 0.049020 0.071078
4 0.785131 0.863971 0.040850 0.075980
4 0.700980 0.917892 0.055556 0.100490
4 0.757353 0.933824 0.053922 0.078431
4 0.802288 0.935049 0.039216 0.066176
4 0.267157 0.878676 0.129085 0.100490
4 0.370098 0.924020 0.044118 0.088235
4 0.416667 0.917892 0.045752 0.100490
4 0.150327 0.655637 0.150327 0.080882
4 0.299020 0.650735 0.150327 0.080882
4 0.436275 0.653186 0.150327 0.080882
4 0.570261 0.650735 0.150327 0.080882
4 0.702614 0.650735 0.150327 0.080882
