3 0.759028 0.471875 0.056944 0.071875
3 0.822222 0.504297 0.094444 0.055469
3 0.890972 0.500391 0.129167 0.036719
3 0.962500 0.526172 0.075000 0.032031
3 0.805556 0.461719 0.055556 0.059375
3 0.840278 0.436719 0.080556 0.023438
3 0.965278 0.435547 0.069444 0.033594
3 0.953472 0.383594 0.093056 0.020313
3 0.911806 0.410547 0.054167 0.039844
3 0.870833 0.396875 0.036111 0.051562
3 0.807639 0.394922 0.087500 0.033594
3 0.568056 0.404297 0.122222 0.036719
3 0.782639 0.353125 0.104167 0.051562
3 0.756944 0.319531 0.133333 0.034375
3 0.839583 0.339844 0.048611 0.064062
3 0.973611 0.346484 0.044444 0.038281
3 0.635417 0.294922 0.056944 0.046094
3 0.598611 0.296094 0.052778 0.045312
3 0.561111 0.300391 0.058333 0.044531
3 0.509722 0.273438 0.111111 0.021875
3 0.425000 0.238281 0.086111 0.018750
3 0.115972 0.116406 0.087500 0.023438
