4 0.065359 0.129902 0.117647 0.171569
4 0.097222 0.147059 0.099673 0.181373
4 0.118464 0.171569 0.099673 0.181373
4 0.266340 0.127451 0.117647 0.171569
4 0.302288 0.153186 0.098039 0.178922
4 0.315359 0.171569 0.101307 0.176471
4 0.465686 0.129902 0.114379 0.176471
4 0.500817 0.147059 0.096405 0.181373
4 0.520425 0.162990 0.096405 0.183824
4 0.663399 0.127451 0.107843 0.161765
4 0.702614 0.145833 0.098039 0.178922
4 0.718954 0.162990 0.101307 0.188725
4 0.867647 0.131127 0.111111 0.174020
4 0.905229 0.147059 0.094771 0.186275
4 0.920752 0.162990 0.096405 0.193627
4 0.017157 0.360294 0.031046 0.151961
4 0.028595 0.375000 0.053922 0.181373
4 0.040033 0.395833 0.070261 0.183824
4 0.173203 0.354167 0.111111 0.169118
4 0.214052 0.379902 0.088235 0.186275
4 0.226307 0.394608 0.096405 0.196078
4 0.375817 0.361520 0.114379 0.169118
4 0.415033 0.378676 0.098039 0.183824
4 0.429739 0.394608 0.098039 0.186275
4 0.578431 0.356618 0.114379 0.169118
4 0.617647 0.376225 0.091503 0.188725
4 0.633170 0.397059 0.086601 0.196078
4 0.779412 0.357843 0.114379 0.176471
4 0.818627 0.373775 0.091503 0.178922
4 0.830882 0.393382 0.096405 0.203431
4 0.961601 0.357843 0.076797 0.166667
4 0.982026 0.462010 0.035948 0.051471
4 0.058007 0.594363 0.102941 0.174020
4 0.087418 0.612745 0.099673 0.186275
4 0.104575 0.629902 0.098039 0.181373
4 0.253268 0.587010 0.114379 0.169118
4 0.289216 0.610294 0.098039 0.186275
4 0.301471 0.625000 0.106209 0.191176
4 0.450980 0.587010 0.111111 0.174020
4 0.489379 0.606618 0.099673 0.178922
4 0.504902 0.628676 0.104575 0.193627
4 0.652778 0.589461 0.112745 0.169118
4 0.689542 0.610294 0.094771 0.181373
4 0.705882 0.631127 0.101307 0.183824
4 0.857843 0.590686 0.117647 0.171569
4 0.891340 0.611520 0.093137 0.178922
4 0.908497 0.631127 0.094771 0.188725
4 0.013889 0.832108 0.024510 0.139706
4 0.029412 0.854167 0.052288 0.169118
4 0.040850 0.882353 0.071895 0.171569
4 0.174837 0.834559 0.114379 0.169118
4 0.214052 0.851716 0.091503 0.178922
4 0.230392 0.873775 0.094771 0.178922
4 0.377451 0.837010 0.114379 0.169118
4 0.415033 0.856618 0.091503 0.178922
4 0.427288 0.877451 0.099673 0.186275
4 0.577614 0.835784 0.116013 0.166667
4 0.617647 0.856618 0.091503 0.188725
4 0.633987 0.877451 0.094771 0.181373
4 0.776961 0.839461 0.109477 0.164216
4 0.808007 0.854167 0.106209 0.174020
4 0.837418 0.873775 0.089869 0.178922
4 0.954248 0.812500 0.091503 0.154412
4 0.979575 0.926471 0.040850 0.034314
