5 0.123333 0.500000 0.206667 0.120000
5 0.130000 0.415000 0.140000 0.080000
5 0.210000 0.385000 0.153333 0.070000
5 0.346667 0.462500 0.173333 0.095000
5 0.403333 0.412500 0.166667 0.085000
5 0.486667 0.637500 0.240000 0.155000
5 0.560000 0.587500 0.133333 0.125000
5 0.646667 0.635000 0.146667 0.110000
5 0.363333 0.335000 0.140000 0.090000
5 0.476667 0.247500 0.140000 0.075000
5 0.470000 0.300000 0.100000 0.050000
5 0.596667 0.312500 0.113333 0.075000
5 0.556667 0.397500 0.166667 0.115000
5 0.646667 0.412500 0.160000 0.065000
5 0.823333 0.527500 0.206667 0.125000
5 0.863333 0.635000 0.206667 0.140000
5 0.743333 0.587500 0.153333 0.145000
5 0.730000 0.315000 0.153333 0.090000
5 0.576667 0.202500 0.113333 0.065000
5 0.736667 0.297500 0.166667 0.115000
