4 0.584150 0.811275 0.387255 0.377451
4 0.140523 0.837418 0.277778 0.295752
4 0.191176 0.717320 0.336601 0.395425
4 0.848039 0.666667 0.303922 0.339869
4 0.526144 0.640523 0.352941 0.375817
4 0.357843 0.450163 0.228758 0.230392
4 0.336601 0.321078 0.271242 0.223856
4 0.244281 0.266340 0.240196 0.218954
4 0.881536 0.483660 0.220588 0.160131
4 0.801471 0.423203 0.220588 0.160131
4 0.828431 0.355392 0.323529 0.178105
4 0.549020 0.349673 0.189542 0.238562
4 0.902778 0.241830 0.142157 0.127451
4 0.637255 0.255719 0.114379 0.220588
4 0.525327 0.158497 0.102941 0.101307
4 0.112745 0.241830 0.088235 0.212418
4 0.072712 0.150327 0.138889 0.192810
4 0.121732 0.088235 0.112745 0.101307
4 0.915850 0.138889 0.129085 0.075163
4 0.732843 0.106209 0.178105 0.120915
4 0.910948 0.071895 0.178105 0.120915
4 0.383170 0.142157 0.178105 0.120915
4 0.243464 0.111928 0.120915 0.102941
4 0.343137 0.089052 0.120915 0.102941
4 0.410948 0.040850 0.135621 0.078431
4 0.558007 0.040850 0.135621 0.078431
