5 0.272500 0.683333 0.295000 0.313333
5 0.492500 0.543333 0.295000 0.273333
5 0.747500 0.613333 0.305000 0.346667
5 0.082500 0.396667 0.155000 0.206667
5 0.137500 0.243333 0.225000 0.153333
5 0.040000 0.146667 0.070000 0.133333
5 0.112500 0.113333 0.105000 0.093333
5 0.235000 0.096667 0.150000 0.126667
5 0.210000 0.343333 0.200000 0.180000
5 0.302500 0.453333 0.245000 0.266667
5 0.395000 0.320000 0.210000 0.173333
5 0.525000 0.263333 0.210000 0.166667
5 0.560000 0.160000 0.160000 0.133333
5 0.710000 0.273333 0.200000 0.173333
5 0.802500 0.346667 0.175000 0.160000
5 0.872500 0.213333 0.165000 0.146667
5 0.860000 0.473333 0.190000 0.093333
5 0.970000 0.223333 0.050000 0.166667
5 0.512500 0.050000 0.155000 0.086667
5 0.652500 0.050000 0.125000 0.073333
5 0.742500 0.063333 0.175000 0.113333
5 0.375000 0.090000 0.170000 0.126667
5 0.320000 0.040000 0.140000 0.066667
