5 0.046569 0.312500 0.086601 0.203431
5 0.115196 0.199755 0.109477 0.208333
5 0.219771 0.280637 0.109477 0.208333
5 0.254085 0.442402 0.109477 0.208333
5 0.347222 0.591912 0.125817 0.208333
5 0.401144 0.741422 0.125817 0.208333
5 0.510621 0.702206 0.125817 0.208333
5 0.582516 0.817402 0.125817 0.208333
5 0.675654 0.756127 0.125817 0.208333
5 0.685458 0.582108 0.125817 0.208333
5 0.705065 0.437500 0.125817 0.208333
5 0.794935 0.368873 0.125817 0.208333
5 0.897876 0.386029 0.125817 0.208333
5 0.971405 0.485294 0.057190 0.196078
