4 0.039216 0.053922 0.075163 0.088235
4 0.042484 0.110294 0.081699 0.073529
4 0.041667 0.154412 0.073529 0.058824
4 0.073529 0.247549 0.137255 0.127451
4 0.302288 0.318627 0.189542 0.166667
4 0.238562 0.438725 0.232026 0.210784
4 0.087418 0.382353 0.168301 0.142157
4 0.213235 0.268382 0.060458 0.085784
4 0.135621 0.590686 0.261438 0.294118
4 0.476307 0.399510 0.204248 0.196078
4 0.434641 0.542892 0.258170 0.262255
4 0.329248 0.729167 0.312092 0.350490
4 0.698529 0.361520 0.174837 0.159314
4 0.668301 0.482843 0.209150 0.210784
4 0.654412 0.649510 0.243464 0.274510
4 0.593954 0.835784 0.305556 0.308824
4 0.887255 0.450980 0.186275 0.186275
4 0.881536 0.580882 0.217320 0.220588
4 0.884804 0.754902 0.227124 0.289216
4 0.864379 0.897059 0.261438 0.196078
