4 0.332516 0.898284 0.279412 0.149510
4 0.336601 0.783088 0.235294 0.075980
4 0.654412 0.958333 0.312092 0.073529
4 0.638889 0.870098 0.284314 0.083333
4 0.595588 0.794118 0.243464 0.098039
4 0.410948 0.736520 0.214052 0.095588
4 0.637255 0.697304 0.179739 0.090686
4 0.315359 0.497549 0.284314 0.137255
4 0.197712 0.450980 0.218954 0.088235
4 0.218137 0.397059 0.217320 0.049020
4 0.040033 0.216912 0.076797 0.105392
4 0.105392 0.187500 0.089869 0.110294
4 0.189542 0.183824 0.091503 0.112745
4 0.036765 0.106618 0.070261 0.115196
