5 0.160000 0.345000 0.120000 0.110000
5 0.126667 0.460000 0.133333 0.110000
5 0.220000 0.457500 0.146667 0.125000
5 0.436667 0.312500 0.140000 0.115000
5 0.336667 0.577500 0.140000 0.115000
5 0.323333 0.477500 0.140000 0.115000
5 0.376667 0.417500 0.140000 0.115000
5 0.263333 0.332500 0.140000 0.115000
5 0.470000 0.577500 0.140000 0.115000
5 0.523333 0.637500 0.166667 0.125000
5 0.783333 0.622500 0.166667 0.105000
5 0.516667 0.787500 0.166667 0.105000
5 0.403333 0.747500 0.153333 0.135000
5 0.780000 0.380000 0.200000 0.130000
5 0.510000 0.482500 0.180000 0.125000
5 0.756667 0.562500 0.166667 0.095000
5 0.346667 0.282500 0.160000 0.135000
5 0.646667 0.457500 0.080000 0.105000
5 0.760000 0.477500 0.133333 0.085000
5 0.556667 0.380000 0.180000 0.080000
5 0.570000 0.440000 0.126667 0.130000
