4 0.084317 0.125817 0.165261 0.140523
4 0.349073 0.096405 0.168634 0.189542
4 0.623946 0.118464 0.188870 0.145425
4 0.891231 0.098039 0.190556 0.192810
4 0.091906 0.362745 0.180438 0.137255
4 0.348229 0.326797 0.180438 0.192810
4 0.626476 0.336601 0.193929 0.173203
4 0.893761 0.360294 0.212479 0.135621
4 0.085160 0.609477 0.166948 0.127451
4 0.349073 0.578431 0.168634 0.176471
4 0.623946 0.522059 0.141653 0.070261
4 0.627319 0.574346 0.158516 0.070261
4 0.626476 0.633170 0.190556 0.083333
4 0.899663 0.521242 0.099494 0.058824
4 0.896290 0.565359 0.150084 0.071895
4 0.897133 0.622549 0.198988 0.091503
4 0.045531 0.848856 0.080944 0.181373
4 0.232715 0.842320 0.114671 0.200980
4 0.426644 0.838235 0.087690 0.202614
4 0.603710 0.836601 0.091062 0.218954
4 0.767285 0.839869 0.091062 0.218954
4 0.937605 0.848856 0.080944 0.194444
