4 0.186275 0.240347 0.098039 0.140927
4 0.188725 0.472973 0.073529 0.162162
4 0.386438 0.489382 0.073529 0.152510
4 0.389706 0.255792 0.096405 0.110039
4 0.599673 0.240347 0.098039 0.133205
4 0.806373 0.235521 0.096405 0.146718
4 0.190359 0.741313 0.096405 0.146718
4 0.387255 0.745174 0.094771 0.135135
4 0.601307 0.747104 0.094771 0.135135
4 0.605392 0.471042 0.145425 0.123552
4 0.802288 0.481660 0.104575 0.148649
0 0.776961 0.729730 0.034314 0.127413
0 0.812092 0.715251 0.029412 0.090734
0 0.836601 0.715251 0.026144 0.090734
0 0.798203 0.703668 0.021242 0.075290
