3 0.433839 0.768791 0.069414 0.109477
3 0.322126 0.771242 0.054230 0.094771
3 0.124729 0.798203 0.119306 0.073529
3 0.485900 0.684641 0.125813 0.091503
3 0.511931 0.642157 0.108460 0.088235
3 0.581345 0.593954 0.095445 0.063725
3 0.116052 0.647059 0.106291 0.042484
3 0.180043 0.677288 0.043384 0.047386
3 0.530369 0.504085 0.114967 0.031046
3 0.255965 0.516340 0.108460 0.058824
3 0.634490 0.476307 0.071584 0.027778
3 0.636659 0.435458 0.097614 0.044118
3 0.508677 0.437092 0.071584 0.017974
3 0.398048 0.493464 0.054230 0.058824
3 0.350325 0.549020 0.036876 0.035948
3 0.658351 0.323529 0.062907 0.042484
3 0.596529 0.539216 0.060738 0.022876
3 0.549892 0.528595 0.036876 0.027778
3 0.485900 0.532680 0.086768 0.022876
3 0.492408 0.476307 0.060738 0.024510
3 0.116052 0.617647 0.088937 0.026144
3 0.620390 0.519608 0.026030 0.029412
3 0.502169 0.588235 0.054230 0.045752
3 0.586768 0.666667 0.028200 0.042484
3 0.566161 0.644608 0.060738 0.034314
3 0.424078 0.642157 0.058568 0.042484
3 0.361171 0.452614 0.036876 0.035948
3 0.311280 0.110294 0.049892 0.017974
3 0.431670 0.093137 0.030369 0.022876
3 0.463124 0.093137 0.023861 0.029412
3 0.428416 0.173203 0.054230 0.022876
3 0.503254 0.122549 0.056399 0.029412
3 0.072668 0.170752 0.028200 0.034314
3 0.228850 0.227124 0.036876 0.022876
3 0.193059 0.283497 0.069414 0.024510
3 0.218004 0.302288 0.032538 0.026144
3 0.031453 0.267974 0.049892 0.029412
3 0.104121 0.294935 0.065076 0.044118
3 0.446855 0.260621 0.099783 0.024510
3 0.336226 0.319444 0.047722 0.047386
4 0.259219 0.352941 0.067245 0.045752
3 0.143167 0.174020 0.021692 0.027778
3 0.154013 0.160948 0.021692 0.021242
3 0.168113 0.176471 0.019523 0.016340
4 0.083514 0.238562 0.062907 0.049020
3 0.139913 0.215686 0.036876 0.026144
3 0.399132 0.327614 0.047722 0.066993
3 0.505423 0.314542 0.047722 0.027778
3 0.633406 0.276961 0.056399 0.027778
