4 0.147876 0.351351 0.266340 0.633907
4 0.346405 0.466830 0.192810 0.545455
4 0.532680 0.686732 0.114379 0.405405
4 0.665033 0.643735 0.140523 0.427518
4 0.805556 0.635135 0.163399 0.425061
4 0.912582 0.644963 0.151961 0.410319
4 0.419935 0.813268 0.111111 0.191646
4 0.240196 0.759214 0.133987 0.211302
4 0.041667 0.457002 0.080065 0.589681
4 0.772059 0.890663 0.080065 0.189189
4 0.842320 0.898034 0.076797 0.159705
4 0.920752 0.885749 0.093137 0.144963
4 0.960784 0.874693 0.078431 0.122850
4 0.299020 0.856265 0.117647 0.105651
