4 0.266340 0.202206 0.078431 0.169118
4 0.347222 0.199755 0.112745 0.174020
4 0.402778 0.226716 0.086601 0.134804
4 0.508987 0.203431 0.096405 0.191176
4 0.600490 0.198529 0.096405 0.191176
4 0.750000 0.198529 0.202614 0.210784
4 0.270425 0.366422 0.073529 0.120098
4 0.330882 0.373775 0.080065 0.125000
4 0.407680 0.383578 0.083333 0.134804
4 0.509804 0.399510 0.094771 0.142157
4 0.602941 0.405637 0.101307 0.154412
4 0.745915 0.417892 0.197712 0.154412
4 0.320261 0.507353 0.098039 0.107843
4 0.437908 0.528186 0.153595 0.105392
4 0.273693 0.651961 0.076797 0.161765
4 0.339052 0.676471 0.076797 0.176471
4 0.411765 0.699755 0.088235 0.193627
4 0.510621 0.730392 0.096405 0.196078
4 0.604575 0.759804 0.114379 0.210784
4 0.748366 0.801471 0.192810 0.235294
