4 0.259574 0.424837 0.195745 0.071895
4 0.128723 0.522876 0.180851 0.058824
4 0.112766 0.665033 0.195745 0.071895
4 0.505319 0.727941 0.180851 0.047386
4 0.865957 0.606209 0.195745 0.071895
4 0.698936 0.534314 0.185106 0.052288
4 0.546809 0.611111 0.195745 0.071895
4 0.434043 0.509804 0.195745 0.071895
4 0.274468 0.601307 0.200000 0.049020
4 0.602128 0.903595 0.195745 0.071895
4 0.665957 0.800654 0.195745 0.071895
4 0.430851 0.845588 0.185106 0.047386
4 0.291489 0.764706 0.195745 0.071895
4 0.337234 0.683007 0.180851 0.049020
4 0.714894 0.675654 0.170213 0.057190
