4 0.053105 0.658088 0.102941 0.247549
4 0.062092 0.829657 0.111111 0.237745
4 0.353758 0.415441 0.204248 0.115196
4 0.355392 0.515931 0.204248 0.139706
4 0.348856 0.638480 0.204248 0.139706
4 0.561275 0.523284 0.204248 0.139706
4 0.561275 0.638480 0.204248 0.139706
4 0.383987 0.850490 0.356209 0.284314
4 0.759804 0.775735 0.264706 0.399510
4 0.129085 0.506127 0.254902 0.370098
4 0.857026 0.569853 0.279412 0.125000
4 0.941993 0.687500 0.109477 0.090686
4 0.439542 0.147059 0.232026 0.171569
4 0.153595 0.091912 0.303922 0.178922
4 0.780229 0.075980 0.174837 0.147059
4 0.784314 0.183824 0.176471 0.117647
