4 0.594482 0.646242 0.081940 0.076797
4 0.599498 0.710784 0.095318 0.084967
4 0.593645 0.775327 0.107023 0.096405
4 0.470736 0.700980 0.081940 0.065359
4 0.469064 0.754902 0.085284 0.055556
4 0.480769 0.803922 0.058528 0.062092
4 0.272575 0.546569 0.150502 0.174837
4 0.727425 0.769608 0.137124 0.075163
4 0.949833 0.692810 0.056856 0.111111
4 0.913043 0.666667 0.056856 0.111111
4 0.869565 0.663399 0.053512 0.091503
4 0.986622 0.670752 0.026756 0.145425
4 0.276756 0.729575 0.098662 0.076797
4 0.372910 0.737745 0.107023 0.076797
4 0.745819 0.674020 0.163880 0.093137
