3 0.057639 0.494922 0.095833 0.024219
3 0.221528 0.551172 0.043056 0.060156
3 0.263194 0.578906 0.070833 0.046875
3 0.265972 0.541797 0.048611 0.050781
3 0.324306 0.576172 0.093056 0.030469
3 0.400000 0.603125 0.108333 0.037500
3 0.427778 0.583203 0.075000 0.042969
3 0.447222 0.566797 0.102778 0.052344
3 0.652083 0.464453 0.109722 0.036719
3 0.576389 0.425000 0.080556 0.043750
3 0.500000 0.463672 0.030556 0.039844
3 0.121528 0.392578 0.079167 0.016406
3 0.460417 0.461328 0.048611 0.042969
3 0.453472 0.536328 0.048611 0.036719
3 0.377778 0.506641 0.030556 0.033594
3 0.410417 0.486719 0.070833 0.012500
3 0.348611 0.493750 0.038889 0.039062
3 0.303472 0.491797 0.081944 0.025781
3 0.294444 0.459766 0.080556 0.042969
3 0.284028 0.431641 0.109722 0.028906
3 0.344444 0.442969 0.036111 0.034375
3 0.165278 0.410156 0.052778 0.021875
