3 0.712418 0.553659 0.330065 0.868293
3 0.482026 0.587805 0.199346 0.824390
3 0.168301 0.621951 0.199346 0.756098
3 0.316993 0.603659 0.169935 0.792683
3 0.047386 0.619512 0.091503 0.760976
3 0.900327 0.515854 0.199346 0.968293
3 0.781046 0.542683 0.271242 0.885366
3 0.069444 0.281707 0.109477 0.241463
3 0.214869 0.312195 0.138889 0.292683
3 0.258987 0.187805 0.106209 0.219512
3 0.370098 0.280488 0.129085 0.234146
3 0.386438 0.173171 0.106209 0.180488
3 0.498366 0.089024 0.088235 0.173171
3 0.530229 0.117073 0.109477 0.078049
3 0.535131 0.252439 0.138889 0.236585
3 0.639706 0.054878 0.093137 0.104878
3 0.674837 0.096341 0.111111 0.070732
